            5     0.007163     0.060038       0.9328            0
       1.9526     0.007163     0.060038       0.9328            0
       1.8526    0.0075951     0.056145      0.93626            0
       1.7526    0.0080402     0.052578      0.93938            0
       1.6526    0.0084994     0.049302       0.9422            0
       1.5526    0.0089738      0.04629      0.94474            0
       1.4526    0.0094649     0.043513      0.94702            0
       1.3526     0.009974     0.040951      0.94907            0
       1.2526     0.010503     0.038582      0.95092            0
       1.0889     0.011414     0.035073      0.95351            0
      0.92518      0.01239     0.031963      0.95565            0
      0.76149     0.013439     0.029197      0.95736            0
       0.5978     0.014571     0.026724       0.9587            0
      0.51596     0.015172     0.025585      0.95924            0
      0.43778     0.015769     0.024553      0.95968            0
      0.35227      0.01645      0.02348      0.96007            0
      0.27042     0.017131     0.022507      0.96036            0
      0.18858     0.017843      0.02158      0.96058            0
      0.10673     0.018587     0.020698      0.96071            0
     0.024889     0.019366     0.019858      0.96078            0
       -0.057     0.020183     0.019056      0.96076            0
      -0.1388     0.021039     0.018292      0.96067            0
     -0.22064     0.021938      0.01756       0.9605            0
     -0.30249     0.022882     0.016861      0.96026            0
     -0.38765     0.023917     0.016165      0.95992            0
     -0.46618     0.024922     0.015549      0.95953            0
      -0.5482     0.026027     0.014932      0.95904            0
     -0.71171     0.028416     0.013774      0.95781            0
      -0.8754     0.031088     0.012701      0.95621            0
      -1.0391     0.034087     0.011704      0.95421            0
      -1.2028     0.037468     0.010774      0.95176            0
      -1.3028     0.039748     0.010235      0.95002            0
      -1.4028     0.042212    0.0097161      0.94807            0
      -1.5028     0.044879    0.0092162       0.9459            0
      -1.6028     0.047771    0.0087337       0.9435            0
      -1.7028     0.050912     0.008267      0.94082            0
      -1.8028      0.05433    0.0078151      0.93785            0
      -1.9028     0.058057    0.0073766      0.93457            0
           -5     0.058057    0.0073766      0.93457            0
