            5      0.01102      0.85925      0.12973            0
       1.9526      0.01102      0.85925      0.12973            0
       1.8526     0.011182      0.84843      0.14039            0
       1.7526     0.011279      0.83643      0.15229            0
       1.6526     0.011293      0.82312      0.16558            0
       1.5526     0.011199      0.80831      0.18049            0
       1.4526     0.010968       0.7918      0.19723            0
       1.3526     0.010566      0.77335      0.21608            0
       1.2526    0.0099562      0.75268      0.23736            0
       1.0889    0.0084056      0.71317      0.27843            0
      0.92518    0.0060654      0.66499      0.32894            0
      0.76149    0.0030585      0.60572      0.39122            0
       0.5978   0.00036287      0.53199      0.46764            0
      0.51596   4.1742e-05       0.4884      0.51155            0
      0.43778    0.0013613      0.44191      0.55673            0
      0.35227    0.0061454      0.38529      0.60856            0
      0.27042     0.016232      0.32573      0.65804            0
      0.18858     0.034627      0.26236      0.70301            0
      0.10673      0.06431      0.19841      0.73728            0
     0.024889      0.10693      0.13881      0.75426            0
       -0.057      0.16133     0.088665      0.75001            0
      -0.1388      0.22325     0.051179      0.72557            0
     -0.22064      0.28748      0.02623      0.68629            0
     -0.30249      0.34963     0.011461      0.63891            0
     -0.38765      0.40945    0.0036108      0.58694            0
     -0.46618      0.45937   0.00062892         0.54            0
      -0.5482      0.50617   1.8434e-05      0.49381            0
     -0.71171      0.58501    0.0021174      0.41287            0
      -0.8754      0.64828    0.0052021      0.34652            0
      -1.0391      0.69953    0.0077796      0.29269            0
      -1.2028      0.74146    0.0095623      0.24898            0
      -1.3028      0.76335     0.010291      0.22636            0
      -1.4028      0.78287     0.010791      0.20634            0
      -1.5028      0.80032     0.011103      0.18858            0
      -1.6028      0.81595     0.011261      0.17279            0
      -1.7028      0.82998     0.011298      0.15872            0
      -1.8028      0.84261     0.011239      0.14615            0
      -1.9028        0.854     0.011108       0.1349            0
           -5        0.854     0.011108       0.1349            0
