            5     0.026894      0.96007      0.01304            0
       1.9889     0.026894      0.96007      0.01304            0
       1.8526     0.030411      0.95636     0.013234            0
       1.7889     0.032295       0.9544     0.013308            0
       1.6526     0.036965      0.94962     0.013416            0
       1.5889       0.0395      0.94706     0.013438            0
       1.4526     0.045871      0.94072     0.013411            0
       1.3889     0.049381      0.93726     0.013356            0
       1.2526      0.05835      0.92853     0.013121            0
       1.0889     0.072617      0.91481     0.012572            0
      0.92518     0.092451      0.89592     0.011631            0
      0.76149       0.1207      0.86912     0.010178            0
       0.5978      0.16177      0.83012    0.0081112            0
      0.51596      0.18897      0.80418     0.006846            0
      0.43778      0.22018       0.7743    0.0055227            0
      0.35227      0.26098      0.73501    0.0040101            0
      0.27042      0.30708      0.69032    0.0025997            0
      0.18858      0.35996      0.63868    0.0013645            0
      0.10673      0.41857      0.58097   0.00046052            0
     0.024889      0.48079      0.51918   2.5656e-05            0
       -0.057      0.54374      0.45613   0.00013376            0
      -0.1388       0.6042      0.39504   0.00076549            0
     -0.22064       0.6597      0.33848    0.0018176            0
     -0.30249      0.70868      0.28819    0.0031397            0
     -0.38765      0.75216       0.2432    0.0046384            0
      -0.5482        0.815      0.17764    0.0073612            0
     -0.71171      0.85879      0.13159    0.0096172            0
      -0.8754      0.88877     0.099984     0.011249            0
      -1.0391      0.90971     0.077954     0.012333            0
      -1.2028      0.92479     0.062226     0.012989            0
      -1.3391       0.9343     0.052408      0.01329            0
      -1.4328      0.93968     0.046922     0.013397            0
      -1.5391      0.94489     0.041666     0.013441            0
      -1.6028      0.94764     0.038925     0.013435            0
      -1.7391      0.95275     0.033894     0.013355            0
      -1.8328      0.95576     0.030978     0.013258            0
           -5      0.95576     0.030978     0.013258            0